133.399 77.4043
304.659 347.421
329.73 63.0587
345.591 206.707
126.967 136.139
278.133 457.091
278.894 443.194
232.99 429.168
259.146 336.786
330.122 380.304
203.337 368.545
528.77 408.873
404.884 262.605
238.496 136.095
122.751 134.692
337.419 449.151
531.22 147.555
252.935 229.147
38.4047 360.647
97.4603 337.921
244.895 308.459
481.219 387.272
353.635 3.73026
528.638 175.33
304.727 157.943
561.82 85.0817
87.3478 3.59612
443.154 159.506
338.549 7.6126
92.2685 66.2034
196.28 303.242
217.369 83.7951
389.78 73.9865
279.705 265.469
426.383 359.48
210.043 366.594
425.615 204.339
603.242 155.202
489.954 374.96
203.61 39.5651
150.407 89.3056
122.113 58.474
265.979 462.298
611.208 373.89
536.231 86.4293
156.029 380.894
231.286 286.317
369.075 363.507
604.588 207.583
217.871 92.3724
